countries,ABW,AFG,AGO,ALB,ARE,ARG,ARM,AUS,AUT,AZE,BDI,BEL,BEN,BFA,BGD,BGR,BHR,BHS,BIH,BLR,BLZ,BOL,BRA,BRB,BRN,BTN,BWA,CAF,CAN,CHE,CHL,CHN,CIV,CMR,COG,COL,COM,CPV,CRI,CUB,CYP,CZE,DEU,DJI,DNK,DOM,DZA,ECU,EGY,ERI,ESH,ESP,EST,ETH,FIN,FJI,FRA,FSM,GAB,GBR,GEO,GHA,GIN,GLP,GMB,GNB,GNQ,GRC,GRD,GTM,GUF,GUY,HKG,HND,HRV,HTI,HUN,IDN,IND,IRL,IRN,IRQ,ISL,ISR,ITA,JAM,JOR,JPN,KAZ,KEN,KGZ,KHM,KOR,KWT,LAO,LBN,LBR,LBY,LCA,LKA,LSO,LTU,LUX,LVA,MAC,MAR,MDA,MDG,MDV,MEX,MKD,MLI,MLT,MMR,MNG,MOZ,MRT,MTQ,MUS,MWI,MYS,NAM,NCL,NER,NGA,NIC,NLD,NOR,NPL,NZL,OMN,PAK,PAN,PER,PHL,PNG,POL,PRI,PRK,PRT,PRY,PYF,QAT,REU,RUS,RWA,SAU,SDN,SEN,SGP,SLB,SLE,SLV,SOM,STP,SUR,SVK,SVN,SWE,SWZ,SYR,TCD,TGO,THA,TJK,TKM,TON,TTO,TUN,TUR,TZA,UGA,UKR,URY,USA,UZB,VCT,VEN,VNM,VUT,WSM,YEM,ZAF,ZMB,ZWE
ABW,5.225315,13257.81,9516.913,9091.742,12735.01,5396.22,11107.78,15237.5,8719.13,11503.0,11120.47,7847.07,7979.945,7414.016,15473.46,9348.039,12308.36,1588.515,8936.664,9382.626,2076.216,3240.231,4759.608,1139.24,18008.87,15070.87,11196.28,9771.96,3573.887,8056.332,5125.68,14155.35,7293.883,9014.291,9613.901,1036.634,12802.65,5036.386,1550.772,1754.738,10403.22,8560.899,8034.389,12186.87,8408.59,663.0993,7686.407,1698.399,10383.61,11620.09,6124.013,7121.524,9088.512,11817.33,9087.563,12692.41,7685.884,14263.71,8868.927,7541.243,11056.94,7697.944,5940.813,980.5495,5785.502,5912.736,8721.603,9491.157,911.348,2220.068,2128.791,1458.406,16131.13,1863.05,8716.868,709.3878,8927.636,19240.39,14258.17,7174.017,11880.18,11426.34,6827.22,10635.04,8480.133,938.3511,10744.01,13815.84,12977.21,11887.17,12891.46,17292.0,14183.6,11922.28,16543.05,10635.64,6538.721,8638.483,1000.846,16067.56,11423.01,9223.909,7967.711,9100.948,16137.89,6782.739,9662.548,13342.62,15595.96,3197.777,9214.088,6729.114,8723.98,16436.57,13299.1,11878.69,5824.114,1001.726,14395.81,11828.46,18066.89,10267.96,13964.53,7796.389,8081.917,1761.929,7896.896,8301.125,14828.1,12981.52,13155.52,13581.61,1102.975,2848.861,16773.43,15957.22,8990.023,781.5696,14063.87,6637.424,4418.076,9348.107,12436.23,14183.83,9942.475,11168.01,12028.87,10960.46,5688.13,18355.38,14562.64,6222.756,2070.009,12721.27,8580.347,1793.713,8778.741,8601.009,8715.387,11739.21,10720.53,9201.158,7858.3,16930.21,12917.73,12265.52,12067.62,959.7569,8328.585,9845.79,12282.36,11386.03,9678.449,5483.935,3161.668,12732.29,964.7043,408.8065,16271.96,13756.36,13348.89,12161.9,10662.36,11267.38,11603.47
AFG,13257.81,303.7614,7607.8,4342.117,1813.615,15298.5,2266.15,11433.49,4568.098,1822.217,5930.057,5416.121,7481.006,7497.595,2376.978,4043.005,2004.434,12518.58,4428.614,3880.9,13822.82,15349.95,13771.76,12465.55,5741.141,2103.501,8023.767,6188.315,10768.89,5247.043,16353.9,4180.438,8144.624,6842.123,7100.583,14288.69,5824.411,9324.58,14334.57,12952.4,3257.972,4708.024,5226.514,3668.116,4857.692,12709.28,5866.736,14950.6,3584.319,3706.288,7696.608,6290.493,4238.918,4196.206,4254.794,12880.35,5590.381,9494.704,7263.688,5718.078,2270.991,7786.48,8955.442,12384.11,8798.221,8805.014,7088.998,4058.47,12707.12,14157.62,12506.79,12850.2,4566.617,14078.02,4608.2,12861.0,4367.694,6000.786,1003.893,6085.926,1620.826,2285.353,6658.555,3199.193,4935.994,13173.26,3096.229,6278.016,1180.169,5221.581,1043.715,4421.175,5131.888,2079.553,3784.918,3088.869,8699.117,5133.119,12492.83,3261.061,8347.427,4042.829,5304.336,4186.274,4512.573,6811.536,3626.967,6370.142,3406.564,13906.07,4198.337,8056.615,4906.982,3330.212,3443.545,7760.658,8455.042,12452.47,6210.945,6565.831,4846.316,8405.997,12033.22,7082.385,7391.676,14235.58,5361.4,5014.602,1710.066,13762.0,1587.942,374.6522,14179.02,15811.19,5617.854,9528.009,4267.977,12479.58,4989.095,6791.342,14862.55,15755.99,1987.925,6333.151,3367.526,5755.222,2425.437,4222.921,8799.582,5157.892,10680.29,8795.566,14203.46,4380.182,7512.917,12679.81,4508.77,4719.426,4597.182,7872.171,3022.602,5989.595,7601.833,3903.415,459.2474,1042.731,13625.0,12807.0,5252.618,3581.608,5574.784,5380.85,3580.626,15100.65,10847.88,751.2709,12577.82,13208.57,3884.103,11938.98,12020.44,3279.877,9273.133,7048.76,7088.189
AGO,9516.913,7607.8,419.9666,5623.827,5805.255,7792.03,6331.346,13528.2,6357.017,6643.251,1878.576,6696.229,2071.837,2876.135,9121.098,5822.248,5615.473,10490.61,5888.789,7104.678,11578.9,8830.234,6559.966,8414.008,11386.53,9162.635,2223.578,1586.979,10904.94,6235.385,8914.097,11769.51,2480.138,1424.688,556.9467,9911.524,3301.018,4839.974,10980.7,10977.25,5332.035,6560.238,6738.352,4015.184,7179.064,9602.552,5194.244,10205.4,4736.951,3901.954,4917.631,5752.252,7665.317,3464.567,7746.235,16618.51,6510.322,16170.59,1110.371,6837.594,6482.799,2192.395,3804.649,8708.249,4132.186,3941.227,1485.016,5325.223,8613.741,11735.94,7436.134,8109.865,11504.13,11377.58,6086.698,9868.396,6296.004,10294.87,8025.968,7160.81,6368.018,5736.821,8642.954,5096.148,5645.243,10324.34,5140.358,13861.75,8643.737,2744.311,8454.77,10393.31,12705.4,5649.504,10254.81,5301.993,3154.236,4626.358,8580.775,7594.32,2721.224,7158.965,6540.273,7388.835,11443.56,5221.762,6403.256,3857.428,6836.069,12686.0,5719.467,3352.429,4980.603,9555.35,11014.06,2794.277,4395.738,8605.604,4915.372,2314.207,9900.254,1582.875,15503.07,2778.376,2017.813,11252.12,6856.132,7655.045,8745.843,13836.31,6115.173,7889.046,10468.29,9843.897,12159.63,14529.4,6838.712,9222.951,12578.15,5779.503,7684.19,16543.5,5620.981,4718.442,7535.854,2014.346,5207.322,3447.449,4277.941,10104.83,15818.79,3517.934,11580.46,3760.601,1239.145,7771.882,6355.751,6111.597,7599.202,2711.923,5305.969,2345.135,2128.469,9955.721,7803.152,7002.799,16570.23,8557.671,5092.534,5778.666,2880.082,2373.897,6802.643,7581.052,10427.39,7977.375,8587.411,9137.924,10637.65,15999.4,16571.79,4352.742,2844.23,1791.822,2170.012
ALB,9091.742,4342.117,5623.827,63.77311,3702.809,11632.19,2077.855,15722.44,812.9326,2520.89,5067.598,1589.107,4249.507,3845.117,6719.066,324.0465,3285.379,8763.203,303.8697,1505.639,10230.51,11056.12,9943.985,8181.91,10082.97,6426.47,7381.93,4114.247,7606.625,1167.984,12432.5,7686.079,4655.998,4253.419,5092.883,10083.01,6371.083,5090.82,10418.61,9295.044,1366.294,1060.922,1493.096,4015.761,1679.912,8638.148,1533.738,10728.15,1623.328,3426.688,3392.319,1977.061,2041.537,4050.716,2122.475,16745.12,1603.534,13196.33,4676.458,1895.345,2076.242,4453.75,4965.696,8153.266,4694.403,4758.288,4325.311,500.1241,8432.149,10563.5,8166.574,8516.926,8747.532,10354.04,585.956,8840.73,689.0358,10212.24,5322.44,2355.755,2808.604,2343.134,3675.061,1680.884,611.7626,9240.724,1773.421,9501.873,4615.345,5045.083,4444.737,8762.518,8562.792,2868.303,8119.246,1609.733,4933.823,1126.319,8230.828,7028.389,7902.8,1540.066,1404.884,1765.015,8700.824,2473.619,955.9489,7283.476,6737.666,10807.12,155.9628,4178.792,759.1236,7666.058,6559.96,7605.371,4264.968,8197.883,7871.458,6321.25,9108.602,7117.55,16267.53,3539.309,4207.215,10434.08,1664.815,2160.437,6050.166,17971.9,4096.846,4709.623,10127.47,11472.13,9850.101,13790.3,1218.313,8344.56,8371.93,2472.398,10877.48,17197.47,3422.078,7839.226,2063.678,4925.967,3104.873,3119.727,4656.532,9424.125,14760.26,4893.526,10535.93,5067.311,4764.449,8338.317,788.7294,678.3095,2006.998,7621.19,1694.973,3280.218,4321.444,8241.192,4136.511,3299.434,17378.83,8516.849,968.0001,765.4231,5719.308,4740.878,1303.97,11489.65,7439.631,4072.698,8309.629,8971.885,8172.986,16048.52,15940.78,3720.742,8378.26,6381.482,6686.429
ARE,12735.01,1813.615,5805.255,3702.809,108.789,13557.2,1979.161,12092.16,4245.842,1819.476,4119.438,5159.97,5879.008,6035.036,3643.561,3493.288,426.6576,12456.86,3908.161,3961.286,13913.64,14022.32,12129.45,11741.67,6813.557,3539.244,6280.032,4435.249,11105.9,4830.737,14654.8,5966.427,6583.225,5133.86,5308.856,13680.45,4200.173,8135.805,14115.79,12978.95,2348.921,4461.374,5004.562,1861.231,4849.585,12322.73,5048.766,14293.43,2370.061,1914.748,6694.975,5634.667,4521.909,2383.193,4570.317,14221.56,5249.535,11081.51,5535.105,5483.745,2114.942,6195.803,7575.714,11769.94,7505.942,7470.093,5400.135,3264.319,11998.1,14250.57,11468.91,11948.63,6059.646,14053.64,4168.243,12534.01,4030.737,6613.254,2312.871,5925.424,1279.036,1384.182,6924.49,2099.993,4303.976,12941.74,1991.235,8062.889,2932.293,3437.679,2760.658,5501.911,6909.236,835.7674,5029.932,2110.076,7214.983,4112.479,11816.59,3342.212,6642.855,4127.873,4999.584,4355.656,6000.813,5957.76,3379.927,4880.935,3044.644,14372.35,3601.211,6661.39,4011.032,4415.291,5255.396,6084.785,7257.155,11792.17,4978.871,4827.794,5594.997,6607.643,13158.31,5607.444,5782.212,14136.88,5170.816,5174.927,3101.719,14269.96,438.8936,2083.979,13801.21,14751.96,7004.581,10723.96,4181.628,12012.45,6775.818,6107.288,13254.52,17429.45,303.9436,5046.844,3739.195,3943.711,774.5853,2490.013,7540.002,5904.872,12017.19,7373.162,14231.77,2680.361,5800.834,11708.35,4189.749,4284.904,4796.377,6183.374,2024.291,4367.363,6006.473,4967.796,2082.549,1547.007,14953.17,12059.1,4406.945,2994.246,3852.073,3570.466,3545.552,13351.9,11029.46,2318.684,11886.66,12567.75,5265.521,13189.54,13390.29,1466.264,7530.202,5274.503,5347.186
ARG,5396.22,15298.5,7792.03,11632.19,13557.2,625.6475,13417.64,11801.36,11833.76,13853.84,9604.157,11326.76,7854.464,7952.697,16788.4,11954.84,13304.57,6940.775,11694.93,12819.34,6604.474,2239.669,1691.067,5317.702,16656.76,16919.79,8001.549,9125.232,8970.104,11214.51,1128.317,19297.47,7231.426,8456.569,8261.97,4706.263,10331.04,6643.946,5653.427,6909.934,12291.57,11836.83,11512.14,11807.19,12089.47,6036.692,10188.35,4360.514,11838.13,11643.69,8373.64,10065.85,12925.75,11256.4,12971.3,11625.82,11072.25,15167.74,8037.772,11147.48,13503.55,7560.425,6668.47,5649.529,6944.681,6874.063,8210.386,11711.41,5212.585,6446.824,4454.672,4611.63,18478.89,6217.953,11656.09,6101.208,11957.08,15235.78,15817.92,11012.97,13803.13,13110.86,11455.87,12241.62,11173.56,6169.833,12330.83,18372.04,16110.66,10423.36,15918.23,16965.0,19447.35,13226.28,17399.46,12396.9,6772.831,10587.62,5424.776,14774.54,7880.847,12731.28,11333.12,12773.93,18451.92,9348.923,12571.03,10212.05,14040.08,7397.651,11787.62,7493.104,10906.92,16823.83,18125.58,8503.743,7401.539,5490.144,10927.78,9345.976,15970.66,7342.774,12115.31,8342.004,7938.363,5975.677,11466.75,12270.74,16522.17,9729.112,13896.67,15622.21,5334.829,3133.925,17801.66,14425.68,12351.58,5965.636,19419.04,9621.854,1051.13,9013.147,13337.25,10717.1,13505.36,9763.369,12880.18,11085.43,6994.295,15891.11,13668.22,6759.124,6280.052,11411.45,7785.758,4524.356,11879.9,11580.75,12585.03,8359.226,12444.37,9322.412,7739.364,16890.18,15376.08,14471.17,10911.55,5051.895,10668.78,12268.67,10291.12,10137.2,12845.99,215.0746,8542.694,15457.45,5335.351,5114.314,17877.15,12384.6,12468.65,12133.34,6886.516,8756.319,8860.55
ARM,11107.78,2266.15,6331.346,2077.855,1979.161,13417.64,64.92948,13666.9,2399.432,457.5143,5088.729,3299.886,5618.886,5464.988,4642.789,1785.844,1656.715,10600.74,2184.283,1983.94,12023.53,13105.0,11769.69,10241.7,8007.059,4360.26,7479.425,4754.974,9139.136,3051.854,14338.96,5947.15,6198.215,5224.684,5776.592,12118.5,5772.269,7092.814,12346.34,11098.03,1129.579,2582.411,3126.056,3184.07,2897.109,10612.22,3600.677,12772.0,1647.892,2818.984,5437.498,4040.452,2546.553,3510.324,2597.746,15001.08,3434.071,11482.14,5674.918,3619.365,172.7219,5893.944,6817.399,10191.98,6613.235,6642.441,5409.321,1806.064,10489.04,12364.26,10240.65,10593.76,6748.725,12203.89,2391.389,10794.76,2186.893,8175.623,3245.064,4037.116,789.0012,762.4228,4948.93,1254.709,2677.67,11161.47,1196.113,7943.638,2700.251,4680.579,2512.077,6684.962,6882.943,1248.981,6049.0,1063.763,6649.885,2911.988,10282.29,5106.343,7932.732,2151.497,3160.368,2376.555,6698.553,4545.386,1469.285,6579.582,4950.312,12406.08,1936.723,5949.743,2656.562,5588.3,4924.905,7465.288,6235.412,10246.32,6850.985,6127.386,7051.041,7539.966,14270.34,5078.042,5545.438,12316.62,3282.178,3199.743,3975.874,15974.44,2270.178,2635.964,12105.08,13549.98,7832.967,11767.51,2236.784,10343.95,6707.085,4540.028,12787.09,17172.77,1786.216,6889.438,1803.035,4912.365,1741.738,2976.971,6599.537,7366.046,12851.13,6691.235,12366.14,4246.931,5864.971,10415.96,2340.185,2506.938,2817.471,7531.662,1040.517,4251.364,5724.177,6163.356,2094.471,1223.83,15729.9,10579.57,2990.33,1315.561,5261.924,4596.694,1575.587,13248.01,9088.867,2081.25,10363.68,11015.28,6124.733,14132.31,14144.44,2758.486,8671.851,6417.901,6606.1
AUS,15237.5,11433.49,13528.2,15722.44,12092.16,11801.36,13666.9,1042.817,15988.95,13244.84,12673.1,16759.6,15588.36,16383.96,9077.625,15449.53,12518.59,15278.03,15851.07,15157.96,13821.95,13045.96,13371.76,16159.07,5756.495,9413.485,11312.15,14139.34,15586.66,16673.2,11353.72,8956.436,15950.81,14687.67,13759.13,14260.45,10894.3,17855.77,13829.48,14717.39,14426.82,16097.52,16562.72,12390.16,16054.1,15636.41,17139.16,13617.09,14425.52,13000.68,18360.17,17699.45,15241.88,12635.79,15211.41,3224.041,16975.46,4602.055,14576.87,17011.27,13695.83,15717.05,17008.56,16189.21,17449.47,17241.67,14894.97,15337.68,15910.92,13518.06,15999.24,15767.02,7377.491,13788.73,16041.65,15408.26,15795.78,5511.902,10435.1,17230.5,12915.79,13400.57,16632.49,14191.52,16333.25,14968.03,14083.24,7831.446,11415.23,12158.13,11550.83,7037.221,8329.652,12907.86,7731.611,14194.54,16446.83,16157.12,16114.25,8751.808,10838.48,15291.39,16686.87,15331.2,7411.163,18008.29,15056.51,10050.92,9147.749,12985.17,15592.61,16866.65,16101.02,8107.946,10114.63,10738.99,17865.14,16147.37,9105.979,11533.4,6617.087,12088.9,1976.597,16180.32,15521.28,13756.67,16658.11,15963.53,9751.761,2333.461,11674.18,11079.12,14172.62,12809.17,6275.747,2745.258,15607.68,15960.62,8523.643,18190.62,12780.68,6129.841,12389.05,9239.981,14503.07,12709.23,12782.14,13599.55,17604.14,6301.786,2862.103,16790.26,13586.53,11601.35,14762.63,15895.18,15930.48,16152.8,15608.91,10816.67,14109.6,14989.02,15654.92,7539.52,11703.24,12465.73,3585.603,15821.03,16498.66,14960.31,11565.75,12644.1,14956.91,11864.05,16008.79,11828.84,16034.79,15372.93,7769.68,2476.587,3050.82,12510.67,11015.12,11866.07,11469.38
AUT,8719.13,4568.098,6357.017,812.9326,4245.842,11833.76,2399.432,15988.95,108.9196,2783.875,5877.728,914.4633,4835.427,4329.612,6911.951,820.7289,3849.087,8225.953,509.7472,998.225,9671.175,10983.02,10146.47,7898.038,10241.08,6576.896,8176.988,4883.329,6922.538,684.8875,12522.0,7468.012,5152.116,4959.645,5838.688,9738.664,7174.249,5194.904,9950.39,8738.225,2017.949,252.4479,763.7314,4774.016,868.5304,8213.607,1670.577,10396.99,2386.201,4200.483,3462.75,1811.999,1360.358,4841.559,1437.813,16312.15,1035.144,12855.79,5365.809,1238.199,2338.601,5003.89,5247.866,7820.853,4918.574,5016.396,5001.591,1283.6,8139.028,10009.64,8038.661,8311.139,8739.125,9828.929,270.6798,8395.361,215.6626,10553.88,5571.096,1681.996,3184.971,2861.764,2891.521,2369.546,767.4132,8765.403,2446.274,9141.063,4615.688,5854.16,4466.661,8951.857,8289.029,3416.626,8263.672,2252.977,5320.935,1744.687,7925.084,7497.094,8700.506,948.9832,762.4356,1102.181,8697.858,2488.828,944.1378,8083.425,7286.91,10163.51,799.0887,4552.871,1379.07,7883.924,6308.009,8413.984,4439.778,7885.361,8641.501,7133.681,9410.919,7878.468,16114.65,4079.252,4806.406,9931.195,934.7828,1351.699,6237.937,18322.31,4603.866,4915.899,9706.064,11269.33,9853.35,13746.31,556.8245,7950.481,8093.14,2299.266,10991.95,16387.74,3988.084,8618.281,1675.699,5737.457,3734.89,3925.517,4854.112,9723.795,14542.1,5222.959,9999.102,5841.637,5424.645,8171.026,59.61723,277.8844,1242.31,8427.488,2332.466,4014.392,4891.671,8450.441,4285.86,3550.955,16848.06,8240.015,1362.566,1275.02,6527.19,5553.761,1052.484,11712.82,6798.701,4164.072,8009.796,8645.725,8254.594,15797.09,15582.83,4453.244,9145.618,7185.723,7495.149
AZE,11503.0,1822.217,6643.251,2520.89,1819.476,13853.84,457.5143,13244.84,2783.875,110.686,5299.696,3666.25,6031.837,5903.833,4198.656,2220.844,1578.264,10930.66,2609.458,2246.74,12330.6,13560.18,12214.38,10661.57,7562.175,3908.661,7660.868,5082.482,9390.014,3451.508,14789.04,5520.214,6626.284,5592.087,6092.719,12521.46,5831.371,7550.076,12700.44,11413.95,1563.325,2948.413,3485.098,3269.271,3200.641,10990.73,4049.274,13178.53,2040.063,2983.161,5891.335,4470.745,2748.733,3653.07,2789.309,14551.47,3817.547,11043.8,6040.155,3980.449,450.9971,6312.819,7270.398,10599.88,7069.655,7097.385,5789.451,2262.985,10906.77,12671.8,10687.32,11029.5,6291.297,12529.59,2800.249,11164.88,2576.117,7771.583,2811.586,4381.887,540.446,920.6127,5192.978,1637.058,3113.878,11517.74,1561.698,7537.544,2258.179,4821.366,2067.733,6243.39,6461.836,1239.9,5599.605,1464.592,7093.001,3369.194,10696.98,4769.113,8093.409,2416.226,3537.504,2615.883,6241.078,4992.822,1840.697,6597.249,4671.25,12647.82,2376.292,6398.833,3113.292,5150.849,4522.471,7597.071,6692.925,10659.34,6783.436,6271.172,6635.911,7784.538,13813.19,5511.833,5955.451,12653.6,3633.827,3456.329,3529.277,15564.51,2036.348,2188.738,12480.55,13989.34,7375.604,11310.84,2559.243,10733.52,6289.104,4971.342,13239.24,16880.05,1689.445,6839.766,1930.747,5120.831,1773.205,3232.432,7056.658,6950.117,12395.39,7140.804,12683.94,4290.901,6242.133,10857.64,2724.262,2913.774,3055.698,7673.23,1426.07,4634.327,6140.07,5724.86,1637.07,780.9175,15283.39,11001.1,3443.674,1763.672,5366.102,4787.278,1873.832,13680.77,9371.842,1628.19,10779.8,11424.41,5669.295,13675.63,13693.54,2832.204,8876.221,6604.388,6765.059
BDI,11120.47,5930.057,1878.576,5067.598,4119.438,9604.157,5088.729,12673.1,5877.728,5299.696,62.75114,6484.477,3170.266,3846.391,7260.912,5159.202,4012.348,11852.94,5368.581,6370.413,13113.72,10706.86,8433.928,9986.382,9567.697,7325.405,2407.703,1469.692,11774.13,5997.093,10732.02,10011.62,3829.791,2136.524,1566.957,11640.86,1793.933,6165.723,12643.79,12386.04,4307.533,6119.657,6459.994,2262.605,6746.239,11095.69,5239.888,11994.75,3724.939,2332.992,5687.106,5920.473,6999.291,1739.121,7077.543,15885.46,6371.986,14361.84,2252.701,6714.679,5257.359,3433.352,5195.579,10232.33,5410.742,5256.057,2415.56,4639.974,10209.32,13321.69,9125.189,9783.417,9628.061,12972.68,5629.065,11364.79,5749.698,8587.833,6231.257,7127.138,4917.654,4383.365,8606.376,3987.403,5315.705,11838.08,3992.531,12076.49,7042.202,867.4281,6863.793,8527.714,10923.19,4149.601,8376.234,4194.6,4583.263,4365.932,10139.98,5731.052,2894.7,6471.478,6302.379,6729.736,9567.574,5629.51,5605.97,2625.146,4981.228,14163.71,5111.275,4492.959,4633.479,7676.785,9373.591,2539.452,5511.843,10154.34,3583.502,1279.164,8084.18,2510.536,14570.08,3547.353,3073.257,12882.02,6613.338,7227.993,6918.724,13713.35,4372.504,6172.934,12142.62,11712.3,10288.88,12989.94,6239.622,10709.97,10811.85,6125.076,9553.765,17704.47,3987.24,3436.986,6624.152,180.006,3644.848,2135.014,5531.714,8307.686,14376.16,4908.764,13184.0,1882.247,2545.129,9453.017,5856.191,5692.803,7048.265,2563.51,4168.735,2345.846,3284.228,8081.679,6189.781,5488.467,16211.5,10177.04,4892.845,4941.824,1172.489,549.2128,5987.114,9390.496,11382.61,6402.651,10161.95,10768.7,8760.929,14956.77,15467.85,2657.69,3583.374,1351.626,1621.191
BEL,7847.07,5416.121,6696.229,1589.107,5159.97,11326.76,3299.886,16759.6,914.4633,3666.25,6484.477,68.44467,4948.318,4319.717,7724.392,1699.686,4761.638,7313.008,1311.355,1601.903,8756.743,10261.03,9665.722,7070.991,11008.65,7369.615,8675.436,5338.624,6031.534,487.4555,11904.94,7970.82,5125.518,5272.011,6216.578,8874.132,7909.632,4712.202,9046.46,7823.939,2904.975,718.4293,196.8761,5604.231,767.1575,7324.625,1561.883,9535.309,3212.434,5011.314,3022.104,1316.64,1601.098,5620.617,1651.582,16356.59,262.3845,13134.81,5635.426,323.7796,3228.041,5058.144,4952.734,6969.965,4570.431,4702.21,5256.86,2089.225,7305.682,9095.274,7306.904,7525.764,9405.117,8916.339,1024.412,7499.688,1129.979,11416.28,6419.599,775.6281,4088.119,3775.806,2133.168,3245.262,1174.904,7861.621,3329.063,9463.263,5345.228,6564.938,5212.615,9747.627,8722.114,4329.824,9038.533,3144.598,5147.445,2138.252,7086.583,8404.442,9206.208,1469.434,187.8091,1456.065,9368.464,2078.484,1831.669,8828.329,8201.374,9259.353,1634.022,4392.599,1851.035,8702.236,6798.823,8987.062,4057.333,7043.709,9453.362,7760.549,10261.22,8264.846,16495.46,4156.513,4940.509,9021.177,173.0333,1087.773,7053.249,19011.83,5517.9,5752.112,8814.414,10464.8,10515.8,14313.37,1160.644,7072.914,8524.195,1711.396,10416.98,15666.17,4900.595,9414.686,2261.25,6359.996,4636.352,4664.815,4479.534,10571.47,14915.82,4983.31,9085.503,6649.44,5639.891,7411.251,971.336,916.7943,1283.716,8983.229,3226.327,4410.658,4979.165,9260.542,5103.846,4419.607,16729.92,7414.548,1626.512,2179.392,7242.26,6219.309,1837.307,11228.75,5891.711,4955.126,7173.786,7793.681,8989.95,16086.2,15758.12,5307.952,9535.728,7738.871,8076.018
BEN,7979.945,7481.006,2071.837,4249.507,5879.008,7854.464,5618.886,15588.36,4835.427,6031.837,3170.266,4948.318,126.225,804.3413,9512.955,4524.099,5550.617,8694.696,4450.022,5741.131,9945.657,8183.743,6291.807,6841.161,12423.57,9416.167,4295.408,1797.871,8873.83,4537.609,8874.32,11545.88,733.3586,1037.146,1843.169,8589.477,4939.126,2995.859,9521.273,9221.086,4493.079,4989.285,5032.831,4500.04,5555.601,7927.038,3387.561,9026.347,3995.041,4090.657,2846.12,3836.723,6195.773,4014.505,6273.152,18654.19,4726.537,16958.39,1017.611,5025.699,5729.316,320.5662,2039.141,7070.81,2242.023,2086.011,756.3616,4117.928,7072.499,10161.86,6074.497,6704.985,11938.6,9817.141,4572.753,8196.007,4837.516,11660.19,8183.331,5283.898,5948.665,5256.437,6717.261,4399.479,4070.718,8670.193,4483.892,13561.87,8269.349,3907.287,8075.022,11214.3,12492.37,5403.08,10858.64,4567.346,1469.321,3129.709,6988.802,8540.41,4789.684,5747.821,4820.17,5934.0,11879.69,3223.293,5169.476,5678.08,7861.474,10994.8,4381.742,1346.579,3504.988,10197.91,10543.08,4850.324,2394.426,6999.688,6701.087,4134.003,10991.7,3594.06,17564.81,795.3542,105.1806,9739.905,5118.854,5996.984,8978.649,15750.72,6285.721,7829.728,9033.047,9040.029,12851.21,16118.2,5376.382,7541.378,12320.87,3784.826,7397.129,16757.72,5612.708,6531.276,6308.841,3198.58,5130.339,3429.102,2367.096,11253.77,17523.52,1759.119,10029.9,4777.344,832.8973,6387.593,4851.313,4562.909,6038.746,4776.063,4607.371,1511.646,131.6918,10704.45,7522.847,6616.907,18374.39,7053.144,3476.428,4662.242,4342.741,3406.452,5545.644,7670.279,8416.831,7606.976,7016.3,7645.438,11133.58,18038.72,18595.8,4659.114,4793.367,3739.363,4135.58
BFA,7414.016,7497.595,2876.135,3845.117,6035.036,7952.697,5464.988,16383.96,4329.612,5903.833,3846.391,4319.717,804.3413,196.9552,9671.657,4146.173,5667.89,8009.678,4002.188,5285.822,9314.739,7987.894,6314.805,6277.718,12766.55,9523.353,5099.678,2400.409,8088.204,3946.044,8901.345,11404.37,822.5521,1731.331,2625.844,8104.389,5636.859,2378.053,8964.563,8548.214,4340.528,4453.064,4425.02,4874.626,4978.512,7301.427,2766.421,8591.596,3921.325,4388.915,2041.841,3132.095,5678.614,4440.414,5752.584,19388.26,4082.87,16947.1,1807.283,4361.322,5552.75,770.8592,1566.784,6473.771,1630.168,1522.471,1496.806,3808.318,6519.53,9551.424,5627.22,6221.843,12045.57,9216.294,4080.084,7568.579,4364.332,12159.42,8289.058,4581.37,5904.722,5219.413,5979.06,4317.814,3564.484,8045.05,4414.749,13325.56,8161.984,4515.809,7971.396,11498.55,12325.82,5455.293,11064.68,4457.962,1201.556,2725.018,6414.001,8937.179,5593.645,5269.622,4209.317,5430.057,11989.11,2471.663,4795.856,6414.199,8303.248,10331.14,3990.167,687.3596,3085.999,10436.82,10333.97,5650.371,1665.484,6418.28,7417.873,4887.234,11391.15,4390.626,18357.19,428.1367,863.8292,9159.095,4492.509,5394.237,9090.223,16461.71,6461.84,7861.593,8493.59,8757.104,13035.42,16609.73,4883.896,6917.808,12142.82,3029.659,7371.959,16538.11,5749.114,7257.73,5900.391,3850.262,5264.117,3707.752,1726.903,11671.08,18000.08,1340.966,9430.223,5307.266,1637.233,5921.503,4353.893,4051.999,5482.089,5578.14,4511.751,1810.743,762.0836,10972.56,7476.746,6559.867,18837.25,6517.256,2974.062,4368.266,5010.12,4009.75,5147.142,7784.849,7640.939,7521.824,6450.635,7104.361,11288.78,18798.85,19301.72,4962.684,5573.391,4521.548,4918.341
BGD,15473.46,2376.978,9121.098,6719.066,3643.561,16788.4,4642.789,9077.625,6911.951,4198.656,7260.912,7724.392,9512.955,9671.657,142.7289,6418.821,4003.865,14444.66,6800.463,6142.225,15478.96,17654.77,15665.7,14795.13,3364.27,431.1093,8795.499,7962.401,12464.92,7595.708,17888.71,3036.238,10223.82,8709.055,8702.789,16506.31,6461.117,11658.14,16236.3,14765.1,5596.493,7032.401,7530.185,5160.373,7103.063,14865.98,8242.789,17158.54,5848.475,5452.361,10063.77,8661.471,6391.63,5705.66,6389.695,10626.78,7916.79,7457.697,9077.932,8011.9,4646.189,9831.552,11195.22,14674.01,11086.87,11071.33,8990.328,6427.326,15027.35,15766.3,14882.8,15218.65,2439.355,15820.5,6969.982,14970.07,6718.291,3767.354,1421.938,8343.561,3963.021,4580.394,8667.603,5489.495,7311.514,15191.35,5381.008,4903.568,2499.756,6416.397,2582.07,2046.331,3800.079,4242.899,1424.819,5407.258,10857.22,7480.536,14805.2,2179.09,8946.303,6293.525,7628.117,6395.167,2379.18,9187.91,5979.854,6640.4,2831.869,15124.74,6574.948,10282.27,7272.355,979.1783,3063.084,8320.562,10780.71,14759.58,6044.852,7442.796,2593.442,9447.35,9688.373,9245.158,9414.313,16032.86,7651.716,7178.676,674.162,11410.95,3228.239,2010.818,16236.42,18180.65,3363.789,7190.7,6564.271,14694.16,3740.107,9162.36,16798.64,13796.01,3923.92,6237.658,5548.405,7112.621,4409.454,6091.685,11103.29,2887.813,8412.413,11004.86,15874.66,5410.629,9361.008,15055.92,6853.285,7078.948,6767.017,8461.557,5333.877,8002.984,9641.739,1538.62,2626.396,3419.707,11369.68,15138.79,7625.121,5958.347,6504.492,6747.756,5891.902,16574.29,12680.43,2771.943,14894.06,15488.41,1622.246,9635.566,9778.696,4904.915,9942.654,8035.376,7928.253
BGR,9348.039,4043.005,5822.248,324.0465,3493.288,11954.84,1785.844,15449.53,820.7289,2220.844,5159.202,1699.686,4524.099,4146.173,6418.821,125.3094,3083.963,8963.583,416.3402,1282.432,10423.07,11369.6,10267.08,8458.736,9781.081,6119.642,7508.229,4286.038,7729.773,1337.572,12756.3,7364.447,4952.379,4475.222,5283.01,10348.02,6380.906,5413.075,10647.12,9487.716,1205.622,1069.866,1571.797,3954.9,1639.385,8878.724,1848.793,10997.27,1572.87,3386.401,3710.661,2254.799,1866.91,4036.831,1947.447,16433.96,1760.707,12880.37,4906.279,2019.341,1772.654,4737.992,5287.512,8418.744,5018.228,5081.247,4563.464,520.6937,8707.263,10758.82,8470.997,8809.559,8427.25,10561.19,680.4865,9074.949,632.9641,9946.867,5029.554,2475.312,2535.911,2116.158,3709.101,1551.37,893.0574,9465.301,1631.423,9191.48,4293.126,5076.396,4123.419,8464.106,8244.246,2657.817,7813.486,1444.918,5247.031,1421.287,8502.798,6796.622,8023.138,1345.486,1526.197,1590.733,8380.858,2783.637,650.3213,7284.44,6537.101,10957.55,168.0973,4494.693,1065.425,7371.183,6241.183,7698.018,4588.817,8468.226,7823.446,6394.343,8832.44,7288.281,15944.4,3829.604,4477.659,10650.02,1745.082,2101.033,5748.186,17735.26,3873.371,4408.147,10370.95,11768.54,9531.146,13470.43,1080.42,8593.832,8053.912,2754.19,11201.42,17156.13,3222.266,7803.208,1785.898,5010.266,2938.574,3144.055,4980.577,9147.756,14436.48,5212.397,10738.49,5026.145,5008.653,8637.141,776.8502,795.2473,1889.219,7721.596,1526.831,3488.433,4600.531,7945.512,3825.792,3001.391,17081.73,8795.641,1292.041,502.3289,5744.684,4802.156,1022.553,11811.41,7588.903,3755.781,8583.063,9239.998,7859.746,15724.97,15623.2,3632.597,8539.735,6490.154,6780.35
BHR,12308.36,2004.434,5615.473,3285.379,426.6576,13304.57,1656.715,12518.59,3849.087,1578.264,4012.348,4761.638,5550.617,5667.89,4003.865,3083.963,9.793742,12045.48,3497.334,3619.02,13507.03,13653.46,11828.47,11316.65,7216.537,3870.436,6262.283,4184.757,10737.03,4421.287,14382.85,6184.87,6243.439,4852.17,5100.807,13254.83,4289.318,7731.985,13692.77,12571.64,1926.81,4069.985,4610.664,1804.659,4481.19,11897.88,4622.148,13869.69,1947.634,1717.827,6274.012,5210.13,4200.296,2279.11,4253.122,14612.18,4843.391,11407.96,5266.901,5085.171,1807.371,5864.349,7196.694,11343.41,7113.083,7083.39,5108.027,2841.421,11572.97,13842.56,11058.56,11530.45,6397.593,13639.15,3761.631,12110.4,3634.844,7039.02,2634.919,5530.839,1056.384,994.0488,6572.002,1673.361,3883.804,12520.61,1564.695,8282.34,3042.666,3399.366,2859.271,5899.115,7136.002,434.559,5405.576,1686.69,6856.259,3687.708,11390.73,3768.01,6654.576,3783.016,4598.055,4019.234,6339.583,5531.472,3004.269,5027.307,3454.322,13998.63,3187.291,6282.581,3584.383,4805.618,5403.857,6120.75,6852.249,11366.07,5213.592,4827.041,6015.233,6520.519,13570.88,5241.676,5456.245,13718.36,4778.667,4824.977,3433.796,14689.08,857.0129,2317.703,13375.19,14353.76,7367.545,11124.38,3812.283,11586.43,6993.45,5681.554,12944.63,17739.25,139.0066,5264.4,3450.924,3833.384,425.2107,2220.256,7142.911,6325.907,12402.16,7001.541,13819.65,2748.469,5522.476,11293.8,3793.893,3877.791,4457.209,6209.789,1600.791,4041.771,5676.107,5363.827,2193.571,1496.712,15348.41,11634.97,3980.392,2587.848,3876.847,3468.951,3195.369,13103.67,10643.58,2392.187,11461.09,12141.81,5621.641,13589.55,13773.63,1373.443,7505.584,5231.338,5338.955
BHS,1588.515,12518.58,10490.61,8763.203,12456.86,6940.775,10600.74,15278.03,8225.953,10930.66,11852.94,7313.008,8694.696,8009.678,14444.66,8963.583,12045.48,44.40681,8548.948,8696.791,1476.303,4733.767,6343.316,2287.101,16437.76,14016.12,12406.44,10407.5,2074.812,7626.146,6558.368,12659.7,8086.131,9719.645,10474.82,2288.925,13633.68,5706.75,1825.164,560.8621,10128.48,8024.927,7479.404,12398.33,7731.145,1069.846,7559.671,2820.523,10256.41,11785.26,6342.119,6901.421,8283.442,12146.27,8264.933,12255.05,7209.45,13044.46,9671.245,6990.248,10512.56,8454.91,6716.885,1911.962,6454.799,6621.812,9450.729,9224.1,2188.659,1802.478,3486.202,2883.798,14619.86,1603.656,8289.547,891.7498,8441.592,17880.29,13465.89,6564.065,11389.24,11076.64,5865.814,10422.33,8174.021,793.998,10522.66,12227.93,11985.8,12503.92,11938.92,15945.58,12617.7,11621.35,15240.57,10371.56,7359.646,8581.16,2107.813,15699.77,12707.56,8528.727,7465.828,8356.615,14633.74,6765.866,9133.669,14335.44,15499.8,2332.616,8858.244,7360.747,8571.768,15321.11,11900.0,13086.66,6345.309,2059.637,15382.36,12777.08,16891.63,11479.44,13585.92,8333.49,8788.082,1725.552,7320.031,7517.311,13871.77,13319.88,12828.61,12786.85,1810.248,4138.589,15189.59,15030.22,8373.694,1372.952,12506.43,6472.578,5988.449,9148.188,12183.1,15198.21,9155.123,11859.83,11857.8,11189.68,6327.6,17096.49,13750.32,7007.291,1775.008,13164.03,9407.869,3181.774,8283.603,8172.657,7932.745,12959.0,10457.15,9675.219,8587.799,15707.2,12115.1,11632.02,11754.11,2317.926,8173.057,9462.993,13019.7,12000.46,9056.832,7041.119,1770.893,11882.49,2144.512,1951.875,14891.31,13246.87,12746.82,12259.88,12044.29,12282.13,12653.25
BIH,8936.664,4428.614,5888.789,303.8697,3908.161,11694.93,2184.283,15851.07,509.7472,2609.458,5368.581,1311.355,4450.022,4002.188,6800.463,416.3402,3497.334,8548.948,85.13511,1292.046,10009.97,11014.66,10003.96,8057.458,10158.08,6491.279,7675.125,4394.5,7341.015,924.4724,12454.73,7615.699,4820.295,4505.491,5363.089,9939.706,6673.24,5102.136,10230.87,9074.468,1602.664,757.0533,1202.42,4302.767,1377.807,8463.724,1521.609,10590.68,1909.202,3718.87,3382.163,1861.879,1782.909,4348.938,1863.34,16611.78,1352.463,13089.07,4921.663,1625.285,2158.821,4639.793,5045.362,8011.183,4750.451,4827.813,4564.434,790.14,8304.786,10345.24,8099.242,8421.608,8758.084,10145.81,290.1541,8659.145,407.2162,10354.96,5421.039,2084.593,2944.451,2532.28,3376.985,1935.885,531.7457,9048.972,2022.297,9380.609,4617.862,5348.59,4454.597,8846.778,8473.069,3072.489,8185.584,1844.805,5054.884,1322.53,8098.529,7212.813,8197.313,1302.017,1131.459,1509.34,8713.32,2433.354,883.0676,7584.817,6951.247,10557.36,322.8538,4292.104,946.8785,7758.805,6474.347,7905.494,4300.045,8063.07,8163.728,6623.936,9235.177,7395.23,16243.53,3718.457,4413.227,10233.9,1375.387,1859.721,6127.979,18148.78,4289.591,4790.143,9956.257,11383.25,9867.146,13798.1,952.2305,8180.604,8279.956,2362.739,10905.94,16893.9,3635.398,8134.366,1902.116,5227.875,3342.079,3422.361,4702.106,9550.247,14704.52,4991.559,10323.71,5360.335,4997.268,8256.805,488.4783,394.7473,1721.592,7920.028,1928.302,3543.654,4515.544,8331.858,4192.99,3390.136,17207.64,8395.56,1047.015,918.6304,6022.585,5044.499,1166.276,11560.27,7188.323,4106.905,8179.613,8833.439,8216.021,15984.86,15834.28,3998.167,8659.077,6679.17,6986.591
BLR,9382.626,3880.9,7104.678,1505.639,3961.286,12819.34,1983.94,15157.96,998.225,2246.74,6370.413,1601.903,5741.131,5285.822,6142.225,1282.432,3619.02,8696.791,1292.046,171.3729,10084.88,11861.14,11135.23,8655.216,9407.524,5778.131,8749.446,5564.564,7158.217,1609.652,13471.03,6480.601,6106.147,5752.091,6565.044,10417.04,7443.45,6175.745,10486.5,9171.404,2130.692,986.366,1405.056,4902.157,977.0479,8828.438,2668.628,11079.69,2666.144,4400.213,4445.813,2762.7,641.8873,5088.191,715.4365,15341.06,1823.709,11860.05,6179.061,1873.072,1861.348,5931.631,6245.852,8535.94,5915.949,6014.616,5830.222,1787.387,8885.326,10426.04,8906.973,9125.049,7819.103,10290.64,1217.08,8983.337,923.2194,9869.426,4876.771,2209.153,2743.775,2645.086,2965.109,2490.736,1732.921,9310.978,2528.375,8145.003,3743.355,6196.777,3612.088,8153.75,7292.729,3192.599,7439.534,2311.437,6307.776,2611.773,8663.007,7005.935,9256.383,169.5256,1539.179,406.3581,7780.761,3470.514,768.2014,8316.957,6913.969,10424.03,1392.291,5540.518,2236.243,7121.368,5316.805,8897.043,5434.137,8617.761,8725.25,7571.855,8703.475,8563.76,15121.28,5009.704,5702.964,10422.15,1512.952,1216.697,5474.927,17451.06,4248.785,4198.98,10302.39,12054.88,8932.395,12786.62,469.7038,8602.533,7096.564,3229.235,11956.53,15983.91,3753.36,8737.934,686.9657,6213.2,3623.12,4285.257,5849.814,9009.899,13545.61,6217.991,10441.1,5994.251,6270.079,9013.136,959.4427,1267.967,838.4113,8931.217,2369.231,4769.266,5807.479,7673.707,3537.34,2937.212,15917.21,8999.005,2313.671,1430.575,6846.013,5974.743,433.5281,12702.71,7125.836,3370.359,8751.85,9355.841,7388.299,14798.88,14592.71,4520.732,9808.949,7715.236,7985.534
BLZ,2076.216,13822.82,11578.9,10230.51,13913.64,6604.474,12023.53,13821.95,9671.175,12330.6,13113.72,8756.743,9945.657,9314.739,15478.96,10423.07,13507.03,1476.303,10009.97,10084.88,56.99649,4382.062,6447.859,3165.207,16441.66,15050.76,13257.86,11710.39,3072.831,9085.797,5964.23,13157.22,9289.005,10982.28,11646.96,2050.216,14843.09,6955.229,953.8871,935.6088,11596.67,9462.64,8917.346,13853.38,9133.539,2018.686,9034.651,2246.521,11732.61,13244.92,7762.263,8377.725,9630.034,13574.81,9603.916,10888.17,8664.439,12189.25,10877.43,8433.086,11925.78,9680.811,7919.192,2887.689,7711.701,7859.985,10698.66,10695.59,2967.594,341.2026,4200.641,3525.394,14978.07,387.0416,9746.067,1749.858,9886.722,17940.17,14715.29,7997.718,12808.51,12530.22,7180.888,11894.94,9645.203,1275.64,11994.43,12236.8,13148.13,13830.28,13130.43,16491.24,12882.87,13079.66,15920.88,11840.02,8540.287,10054.34,3000.247,17072.61,13457.43,9915.579,8914.693,9727.402,15009.21,8230.373,10563.94,15417.12,16957.76,1122.146,10322.06,8643.993,10048.05,16210.7,12620.17,13937.59,7667.802,2978.427,16471.69,13892.99,17492.15,12332.82,12210.32,9666.354,10044.28,629.8522,8754.366,8884.304,14994.56,11847.15,14273.4,14054.66,1364.135,3509.392,15213.29,13937.52,9787.664,2404.295,12815.38,7947.486,5807.166,7698.241,13645.27,16260.04,10496.35,13143.37,13329.91,12635.5,7597.768,17550.76,12572.89,8207.063,397.0646,14566.26,10596.72,3863.778,9728.023,9629.656,9294.14,13795.54,11925.4,11042.18,9829.999,16440.78,13395.06,13000.51,10344.69,3033.61,9649.26,10920.21,14285.41,13324.26,10462.06,6750.011,2979.495,13141.06,2991.535,2472.849,15487.46,11915.41,11450.43,13729.43,12644.36,13339.94,13679.1
BOL,3240.231,15349.95,8830.234,11056.12,14022.32,2239.669,13105.0,13045.96,10983.02,13560.18,10706.86,10261.03,8183.743,7987.894,17654.77,11369.6,13653.46,4733.767,11014.66,11861.14,4382.062,394.2302,2380.92,3426.065,18701.84,17451.82,9653.865,9813.231,6791.604,10302.54,1908.614,17389.85,7462.484,9042.204,9179.979,2471.658,11864.56,6025.543,3428.308,4674.092,12094.34,10904.1,10457.82,12631.02,10961.65,3899.494,9522.392,2136.151,11813.47,12271.49,7669.764,9181.015,11755.9,12104.31,11778.04,11785.07,10038.45,14876.54,8705.134,10008.5,13125.96,7863.444,6459.584,3685.534,6573.519,6584.788,8751.14,11300.38,3257.316,4247.32,2954.204,2813.949,19347.54,3997.513,10882.31,3927.636,11157.74,17453.36,16246.04,9750.777,13733.43,13093.28,9801.587,12179.65,10488.25,3951.059,12286.89,16543.56,15596.28,11573.9,15449.65,19108.25,17263.13,13413.1,19042.2,12272.51,6808.984,10216.83,3487.087,16396.65,9654.796,11730.07,10325.08,11685.9,19366.59,8586.6,11875.94,11967.6,15625.43,5242.293,11206.64,7372.72,10449.94,18363.34,16509.63,10249.31,6897.057,3547.863,12829.35,10813.84,18178.57,8849.453,12684.22,8415.19,8284.738,3756.906,10363.28,10998.81,17037.84,10744.57,14445.99,15724.56,3095.337,1075.675,19032.51,15189.61,11405.5,3895.187,17185.63,8686.375,1461.839,8587.52,13736.9,12606.9,12518.5,10833.16,13252.01,11612.75,6562.185,18127.54,13999.36,6652.03,4074.956,12588.52,8411.826,2867.824,11038.98,10781.57,11381.21,10099.08,12342.98,9685.607,8053.351,18778.05,15191.14,14321.59,11041.44,3107.401,10117.26,11800.52,11640.53,11174.26,12033.3,2372.214,6400.357,15121.53,3392.413,3017.41,19228.99,12766.05,12634.18,12835.08,8698.602,10194.24,10394.75
BRA,4759.608,13771.76,6559.966,9943.985,12129.45,1691.067,11769.69,13371.76,10146.47,12214.38,8433.928,9665.722,6291.807,6314.805,15665.7,10267.08,11828.47,6343.316,10003.96,11135.23,6447.859,2380.92,1097.356,4315.083,17173.37,15652.48,7274.823,7721.303,8191.353,9534.491,2590.783,17614.3,5630.741,6997.694,6964.051,4399.134,9491.185,4964.447,5523.376,6475.084,10651.9,10155.45,9847.663,10507.34,10431.67,5311.118,8497.729,4309.081,10229.25,10249.1,6690.136,8389.78,11266.82,9960.68,11316.05,13292.46,9408.406,16795.19,6608.553,9501.71,11846.24,5985.302,4984.344,4696.415,5253.954,5185.861,6729.316,10036.02,4289.566,6390.672,3227.929,3597.721,18059.72,6086.675,9966.041,5452.449,10267.27,15644.48,14441.49,9398.416,12210.63,11520.45,9991.34,10629.06,9482.516,5663.679,10723.49,18549.61,14469.91,9292.935,14281.39,16743.93,18364.51,11694.86,16782.53,10772.67,5121.55,8910.072,4461.426,14036.67,7292.793,11051.35,9663.413,11103.81,17999.56,7665.229,10880.65,9591.817,13264.65,7439.636,10099.6,5824.374,9223.423,16086.29,16451.32,7878.605,5711.193,4525.99,10479.45,8444.919,15940.63,6470.25,13804.81,6716.604,6382.416,5862.436,9810.82,10641.01,15218.57,11389.0,12510.15,14121.48,5084.887,3455.375,18396.48,16064.84,10668.76,5129.085,18168.74,7955.642,1134.649,10498.53,11880.21,10255.05,11820.15,8574.155,11404.51,9640.195,5303.289,16000.61,15359.06,5085.813,6210.195,10309.24,6334.176,3402.776,10191.96,9891.706,10936.15,7728.15,10825.58,7791.363,6170.232,16409.97,13787.02,12871.23,12568.05,4133.307,8979.379,10590.76,9299.757,8932.303,11155.24,1567.878,7694.307,13836.31,4386.27,4393.217,17191.68,14074.32,14142.49,10779.75,6355.119,7826.946,8017.05
